    1.0000    9.9300
    1.0000    3.5959
    1.0000   24.9094
    1.0000    7.5061
    1.0000    0.2898
    1.0000    4.0565
    1.0000         0
    1.0000    8.4722
    1.0000    2.1640
    1.0000   12.4181
    1.0000    8.1739
    1.0000   17.0946
    1.0000         0
    1.0000   18.7399
    1.0000    3.0239
    1.0000    3.2285
    1.0000   14.5819
    1.0000    7.6934
    1.0000   10.8043
    1.0000   10.7474
    1.0000         0
    1.0000    5.1495
    1.0000    6.4089
    1.0000    1.9914
    1.0000   11.1632
    1.0000    9.6430
    1.0000    9.8970
    1.0000   11.1429
    1.0000   16.2180
    1.0000    0.9957
    1.0000         0
    1.0000    6.5516
    1.0000    1.5744
    1.0000         0
    1.0000    3.1918
    1.0000   20.5059
    1.0000    6.1819
    1.0000    5.9116
    1.0000    3.0942
    1.0000         0
    1.0000    1.2546
    1.0000   13.1888
    1.0000    8.0615
    1.0000    2.7880
    1.0000    3.9725
    1.0000         0
    1.0000         0
    1.0000         0
    1.0000   12.1874
    1.0000    4.8432
    1.0000         0
    1.0000    8.0875
    1.0000         0
    1.0000    2.3490
    1.0000    0.5908
    1.0000         0
    1.0000    1.0675
    1.0000    7.2850
    1.0000   13.1675
    1.0000    1.0484
    1.0000         0
    1.0000    1.9239
    1.0000    4.6662
    1.0000    0.5493
    1.0000    0.7629
    1.0000   10.6943
    1.0000         0
    1.0000         0
    1.0000    8.5467
    1.0000    7.4797
    1.0000         0
    1.0000    0.6472
    1.0000         0
    1.0000   11.9658
    1.0000    9.5985
    1.0000   18.7833
    1.0000   18.6781
    1.0000         0
    1.0000   23.0056
    1.0000    6.4567
    1.0000         0
    1.0000    2.3211
    1.0000    4.9418
    1.0000         0
    1.0000         0
    1.0000         0
    1.0000    3.8813
    1.0000   17.2310
    1.0000    8.0486
    1.0000         0
    1.0000   14.5099
    1.0000         0
    1.0000         0
    1.0000    9.9838
    1.0000         0
    1.0000    5.5875
    1.0000    4.4828
    1.0000    2.4562
    1.0000         0
    1.0000   26.8176
    1.0000         0
    1.0000    9.2658
    1.0000    0.4852
    1.0000    4.8146
    1.0000    7.4581
    1.0000         0
    1.0000   34.0993
    1.0000    1.9533
    1.0000         0
    1.0000         0
    1.0000    8.8817
    1.0000    6.2107
    1.0000         0
    1.0000    0.9299
    1.0000         0
    1.0000   12.5580
    1.0000   22.1633
    1.0000    1.6526
    1.0000    8.1247
    1.0000    0.6713
    1.0000   17.8150
    1.0000    9.7372
    1.0000   17.6852
    1.0000         0
    1.0000    4.3217
    1.0000    1.7734
    1.0000         0
    1.0000   11.2333
    1.0000    0.5594
    1.0000    1.0854
    1.0000    5.4452
    1.0000   60.3079
    1.0000    1.4604
    1.0000    6.9433
    1.0000    4.0327
    1.0000   10.3633
    1.0000    4.2323
    1.0000   11.1414
    1.0000         0
    1.0000   13.3859
    1.0000    4.8496
    1.0000         0
    1.0000    1.6605
    1.0000         0
    1.0000    2.4845
    1.0000    4.1466
    1.0000    9.9707
    1.0000         0
    1.0000   26.3723
    1.0000    5.6152
    1.0000    3.1966
    1.0000    6.1677
    1.0000    7.5359
    1.0000    8.4842
    1.0000    1.2944
    1.0000         0
    1.0000    5.0103
    1.0000    9.3710
    1.0000         0
    1.0000    4.2796
    1.0000    3.4626
    1.0000    7.3825
    1.0000         0
    1.0000         0
    1.0000   10.9765
    1.0000   13.8296
    1.0000    6.7885
    1.0000    9.5585
    1.0000   13.2283
    1.0000    0.7437
    1.0000    5.5228
    1.0000    1.4249
    1.0000    1.3586
    1.0000         0
    1.0000    0.6729
    1.0000         0
    1.0000   10.0928
    1.0000    6.2814
    1.0000   12.5907
    1.0000    5.1120
    1.0000   15.9526
    1.0000   36.6469
    1.0000   12.8040
    1.0000    3.7866
    1.0000    4.1819
         0         0
         0   12.3837
         0         0
         0   10.7401
         0   11.7965
         0    9.2271
         0   10.5693
         0    6.0403
         0    3.8808
         0         0
         0    5.7751
         0         0
         0         0
         0         0
         0         0
         0    2.1137
         0    7.6186
         0    9.9209
         0    4.1964
         0         0
         0   16.6582
         0    9.7220
         0    3.7837
         0    3.5159
         0   17.0146
         0         0
         0         0
         0    5.9703
         0    1.8592
         0    6.1919
         0    7.2844
         0    0.4458
         0         0
         0         0
         0    7.3670
         0         0
         0    2.0155
         0   15.7911
         0    1.1355
         0    6.3787
         0    7.1762
         0         0
         0    7.9525
         0         0
         0    7.1521
         0    8.3298
         0         0
         0   12.4299
         0         0
         0    5.0888
         0    4.3740
         0    1.5533
         0         0
         0    1.6983
         0         0
         0   11.2946
         0         0
         0   14.6264
         0   12.8984
         0    5.7671
         0    6.5279
         0    3.9312
         0   20.9422
         0         0
         0         0
         0   14.6904
         0         0
         0    3.4181
         0   11.1973
         0         0
         0         0
         0         0
         0    1.4557
         0    1.8909
         0    4.4856
         0   13.6134
         0    1.3905
         0    5.8438
         0    8.5985
         0    2.9202
         0         0
         0    6.7353
         0         0
         0         0
         0         0
         0    0.0448
         0         0
         0         0
         0    3.7018
         0    6.9303
         0    3.7958
         0    5.1932
         0    2.1935
         0   11.1205
         0    7.6095
         0    2.1690
         0         0
         0    1.2642
         0         0
         0         0
         0         0
         0         0
         0    5.7126
         0         0
         0         0
         0         0
         0    1.1849
         0   10.2259
         0         0
         0    4.7154
         0    0.2898
         0         0
         0    8.1904
         0    4.8131
         0    7.3447
         0         0
         0         0
         0         0
         0         0
         0    4.3509
         0    7.8125
         0         0
         0    3.6447
         0    4.8448
         0         0
         0         0
         0         0
         0   14.7929
         0         0
         0         0
         0    3.7467
         0    1.5682
         0    7.0104
         0    3.8117
         0   10.7986
         0    4.6573
         0    8.5515
         0    4.3099
         0    5.2864
         0   12.4862
         0   10.8773
         0    0.2023
         0    2.6577
         0    4.1326
         0   11.3031
         0         0
         0         0
         0         0
         0    2.1894
         0         0
         0   10.2110
         0   11.0481
         0         0
         0    8.9939
         0    5.0718
         0    3.1940
         0         0
         0    5.1931
         0         0
         0    0.2756
         0    3.5907
         0         0
         0   12.7977
         0    2.0359
         0    2.3897
         0         0
         0    8.4693
         0         0
         0    1.1434
         0    5.1148
         0    0.7812
         0    3.3432
         0    9.6024
         0         0
         0   16.4616
         0    6.7716
         0         0
         0   11.0116
         0         0
         0         0
         0         0
         0    4.2511
         0    2.8917
         0    5.5144
         0    4.8589
         0    4.8126
         0         0
         0    0.6042
         0   14.5279
         0         0
         0    7.3005
         0         0
         0    4.1599
         0         0
         0    5.4976
         0         0
         0         0
         0         0
         0   16.4770
         0         0
         0   39.4835
         0   11.3063
         0    6.6720
         0    9.3787
         0    5.0890
         0    2.6393
         0    9.4959
         0   20.8931
         0         0
         0   10.3617
         0    1.7402
         0         0
         0         0
         0    6.3542
         0    7.1710
         0    5.5735
         0    0.4397
         0   16.9700
         0    5.3440
         0    2.7253
         0    9.7723
         0         0
         0         0
         0    1.7209
         0         0
         0   18.8599
         0    1.3245
         0    0.2847
         0   11.1959
         0         0
         0         0
         0    7.5653
         0         0
         0         0
         0         0
         0    4.9746
         0   12.7800
         0    3.5236
         0         0
         0   10.2748
         0    4.7797
         0   16.9882
         0    0.4993
         0    3.0836
         0    3.7087
         0    7.6592
         0   20.8578
         0    7.0782
         0         0
         0    1.2398
         0    3.9828
         0         0
         0         0
         0    7.0949
         0   12.3593
         0         0
         0         0
         0   16.9003
         0    7.3440
         0    5.4488

diary off
